GeneName	frequency
50865	0
3320	0.428
6612	0.003
3791	0.021
84539	0
409	0.295
5695	0.01
5294	0
6227	0
127068	0.011
2770	0.021
183	0.043
7015	0
5970	0
6228	0.071
983	0.022
2919	0
10992	0.559
390168	0
341152	0.001
2309	0.01
10197	0
23478	0.022
29093	0.063
6189	0
79324	0.026
10365	0.074
219869	0
2099	0.001
81470	0.001
119695	0
6774	0
112	0.02
143	0.001
3375	0
58191	0.056
7040	0.001
652	0.001
254879	0
79310	0.003
6156	0
5781	0
390058	0.711
81472	0.01
3190	0
1027	0
138881	0.001
403	0.002
390151	0
64960	0.001
51069	0.002
6160	0
3065	0.002
5686	0
140801	0.002
27335	0.002
6470	0.027
5728	0.001
96764	0
332	0
26338	0.087
3646	0
403253	0.426
23471	0
26248	0.001
3064	0.259
8997	0
2790	0.04
6175	0.006
5925	0.328
5713	0
390326	0.009
4790	0.023
55749	0.007
84172	0
256892	0
595	0
836	0.065
401427	0
1901	0.005
390327	0.003
54948	0.001
6730	0.223
6202	0.001
3958	0
64983	0
6193	0.033
2353	0.198
6602	0.002
6155	0
8383	0.003
56923	0
23236	0.39
6208	0
405	0.157
4854	0.023
120776	0.008
9861	0
1814	0.092
6288	0
3091	0.066
6201	0.001
729230	0
51639	0
29933	0.003
219417	0.001
85465	0.031
301	0
6142	0
347468	0.126
6431	0.133
958	0.007
10131	0.034
6726	0.001
6714	0.013
60559	0
8698	0
23594	0
390075	0.005
8665	0
403239	0
10933	0
6128	0.002
9446	0.002
127062	0
4987	0
3718	0.002
219983	0
4851	0
57007	0.003
23523	0.004
26496	0.02
10726	0
25791	0.009
60	0
57794	0.008
5716	0
5339	0
392390	0.027
891	0.023
1544	0
6203	0.014
6218	0
338674	0.309
10250	0.003
2033	0
22916	0.015
6232	0.005
1906	0
125962	0
23450	0
284532	0.02
1499	0.009
5001	0.33
5711	0.006
254786	0
4158	0
7251	0.001
7307	0.295
6427	0
119678	0
1815	0.172
6133	0
959	0.001
5708	0
84340	0.391
121130	0
5093	0.002
1964	0
51362	0
4686	0.206
390649	0.001
5367	0.49
7157	0
5720	0.642
219981	0.025
5356	0
5435	0.003
9276	0
58477	0.014
2113	0.02
23049	0
1973	0.002
26658	0
5928	0.095
2792	0.004
2052	0
5898	0
387129	0.047
7314	0.006
55181	0
7029	0
8841	0.003
5290	0
2922	0.057
23076	0.006
6139	0.011
390199	0.001
7532	0.389
390648	0.11
128371	0.026
26534	0.31
148	0.105
7297	0.001
254531	0
63875	0
1975	0
144124	0
11224	0
8399	0.055
119765	0.106
9060	0.017
9134	0
10382	0.002
6229	0
6146	0
138803	0.002
1278	0.002
26696	0.349
284433	0.002
896	0.151
6187	0
6865	0
143471	0.024
1785	0
7514	0.022
338755	0.042
2641	0
3921	0.004
64968	0.137
9887	0
23198	0.004
6745	0.268
9219	0.003
1479	0.006
6185	0.145
65003	0.001
8683	0.012
81309	0
1937	0
390064	0.087
81578	0.059
23020	0.064
1577	0
5431	0.001
5036	0.03
81469	0.001
894	0
805	0.303
7311	0
122742	0.083
391109	0.235
5127	0.005
7316	0
2767	0
29927	0.002
998	0
6159	0
442361	0.001
2185	0.001
9759	0.274
6370	0.084
285855	0
79631	0.013
26737	0.001
5441	0.002
6138	0
391211	0
401666	0.004
390323	0.001
5440	0.003
373156	0.168
390079	0
390144	0
51684	0
3516	0
81466	0
3611	0
285659	0
9785	0
26538	0
120066	0.168
219479	0
4629	0.012
55052	0.001
6164	0.001
165140	0.071
81442	0.374
81341	0.169
9533	0.016
138882	0.014
1291	0
1660	0
2521	0.001
727	0.028
5710	0
6143	0.007
6217	0.005
4089	0.03
401994	0.001
403282	0.031
1495	0.001
387	0
4904	0.115
2288	0.015
79718	0.02
207	0.032
6137	0
5436	0.341
6135	0.002
719	0.008
26476	0
81697	0
390113	0
51021	0.015
390261	0
6222	0
26188	0
6154	0
5694	0
127074	0
81127	0
441308	0
7473	0.086
8850	0.002
55168	0.001
60412	0.003
6363	0.022
392138	0
283297	0.314
81448	0.014
401993	0
390445	0
390066	0.001
219958	0
122748	0.006
9934	0.001
6374	0
256933	0
6207	0
63931	0.004
6134	0
26224	0
5699	0
4995	0
84844	0
10412	0.002
9903	0.002
2921	0
3312	0.017
81537	0.028
6637	0
4628	0.001
6184	0
5530	0.023
10890	0
9886	0.001
341276	0
9491	0.09
7200	0
51116	0
4209	0.26
26060	0.047
219438	0
3576	0.007
51154	0
219487	0.007
129521	0.005
8520	0
401665	0.013
127623	0.004
8843	0.049
340980	0.236
1586	0
64965	0
55173	0.087
120586	0.028
282775	0.025
390882	0.001
1981	0
5438	0.001
796	0.099
5737	0.002
150	0.016
2967	0.001
79295	0
23620	0.129
107	0.086
6746	0.066
219870	0.107
10421	0
8590	0
6165	0
1288	0.001
1874	0
390197	0
22820	0.002
392391	0.01
6396	0.008
65109	0.25
1284	0
4544	0
391191	0.12
11222	0.003
157	0.007
4738	0.012
119687	0.005
441670	0
6633	0
390148	0.012
6125	0
5021	0.003
8662	0
55703	0
3725	0.015
10316	0.011
2840	0.001
8894	0
9128	0.001
84313	0.103
2107	0.049
338751	0
8945	0.011
23566	0.14
27316	0
6472	0
219873	0.029
6627	0.003
134083	0.164
3459	0.117
391196	0
10914	0.06
1298	0.001
351	0.193
5705	0.179
51319	0.002
3460	0.011
86	0.002
6626	0.027
10952	0.023
10874	0.006
390271	0
6432	0.043
3579	0.014
50509	0.011
328	0.068
81328	0.004
65110	0.009
441669	0.002
2776	0.001
219968	0
10000	0.001
8668	0
6152	0
6136	0
9021	0
57704	0
23381	0.001
81847	0
57154	0
1232	0
5684	0.001
6170	0
128372	0
254783	0.003
120796	0.074
9061	0
23480	0.001
8664	0.005
64969	0
391112	0
441911	0.001
51073	0.097
2796	0
2946	0
2867	0.177
23521	0
23538	0.402
5020	0
200916	0.03
219428	0.027
128674	0.441
329	0
5432	0.159
51121	0.002
120787	0.14
10803	0.019
28972	0.103
9410	0
57121	0.003
25978	0.001
6628	0
390093	0
6157	0
219982	0.013
219482	0.001
7283	0.017
54331	0
6132	0.034
6205	0
390038	0
1026	0
390264	0.018
4736	0
6810	0
27334	0
390436	0
9632	0.004
22794	0.014
6204	0
2358	0
4644	0.101
7284	0.009
390260	0
5338	0
26539	0.009
5532	0
3269	0
10800	0.025
5731	0.01
1938	0
892	0.002
219956	0.048
125958	0.013
256144	0.069
219959	0.05
115	0.046
26246	0.004
1387	0.063
4670	0
109	0.085
2963	0.008
1903	0.201
255725	0.283
51028	0
2769	0
9553	0.416
156	0.124
6430	0
8392	0.296
302	0.006
10189	0
79590	0.03
23279	0.027
1965	0
64407	0.013
81282	0.057
5031	0.011
56477	0.398
390072	0
5725	0
143502	0.021
4998	0.199
55226	0
25942	0
2774	0.001
11100	0
2885	0
4991	0.001
23411	0.01
5719	0.001
26533	0
991	0.072
8620	0.143
50855	0
6429	0
2912	0
65008	0.001
6171	0.018
3693	0.001
113	0.075
8111	0
4828	0
338398	0
152	0.007
119679	0.002
2960	0.002
119774	0
7168	0
28998	0
135948	0.035
121364	0.221
23533	0.019
219874	0.005
26333	0.004
1147	0.196
4116	0.009
392392	0.001
51434	0.002
5688	0
5330	0.287
10946	0
4171	0.359
120793	0
144125	0.001
6754	0
26986	0.002
6747	0.462
26735	0.087
6141	0
5715	0
5744	0.216
391190	0.033
26341	0.005
6122	0
9343	0.229
126541	0
7280	0
10161	0.021
8766	0.004
7046	0.303
1983	0.001
827	0.299
219432	0
53829	0.03
9212	0.05
10419	0
9826	0
1478	0
551	0.008
2091	0.052
9775	0
120775	0.012
125963	0
6607	0
51764	0.207
50650	0.006
26689	0
23293	0.141
283111	0
6183	0.001
1286	0.013
8666	0.003
391192	0.087
3181	0
3814	0.047
8322	0.002
6130	0
9611	0.673
63967	0.04
6727	0
347168	0
6502	0
127064	0.001
8611	0.003
718	0
339403	0.378
51692	0.005
171177	0
122740	0.085
26219	0.003
2056	0
4654	0
2837	0
11201	0
124538	0.02
55720	0.003
6233	0.065
393046	0
346525	0.005
219957	0.033
27043	0
338675	0
6237	0.001
728	0
29956	0
2959	0.02
387748	0.037
5424	0
4992	0.037
150681	0
9789	0
390077	0
1230	0.093
127385	0.004
116832	0
259286	0.029
5976	0.002
79869	0
2534	0.001
81300	0.264
219986	0
51081	0.006
8900	0.003
6729	0
2962	0.019
9170	0.066
